BP

Selectivity:        Bandpass
Approximation:      Blackman
Implementation:     FIR (digital)
Passband gain (dB): -1.0
Stopband gain (dB): -30.0
PB freq-lower (Hz): 100.0
PB freq-upper (Hz): 3500.0
SB freq-lower (Hz): 10.0
SB freq-upper (Hz): 3800.0
Sampling freq (Hz): 8000.0

Filter Length/Order: 139
Overall Filter Gain: 1.00000000000E+00

                 Coefficients
 N  [      N + 0              N + 1     ]
=== =====================================
000  2.73845850590E-21 -4.05122531796E-08
002 -2.35963889318E-06  2.95878441498E-06
004 -1.71458448861E-05  1.37734695097E-05
006 -4.90209739921E-05  2.55458662018E-05
008 -8.85427006373E-05  1.56686616620E-05
010 -1.13007644860E-04 -4.85366642850E-05
012 -9.73526510835E-05 -1.94424562745E-04
014 -3.30415922889E-05 -4.23560498415E-04
016  5.22739803394E-05 -6.95571124436E-04
018  8.52191678137E-05 -9.27677054743E-04
020 -4.21524689135E-05 -1.01818409920E-03
022 -4.36014777705E-04 -8.93334019131E-04
024 -1.14591506934E-03 -5.64344781680E-04
026 -2.11079604852E-03 -1.70173919955E-04
028 -3.13354978550E-03  2.21342234044E-05
030 -3.90957433149E-03 -3.21185860332E-04
032 -4.11919141669E-03 -1.47997955761E-03
034 -3.56741398482E-03 -3.53145827758E-03
036 -2.32625324611E-03 -6.22922459690E-03
038 -8.17107500058E-04 -8.97358300315E-03
040  2.24799583128E-04 -1.09188717989E-02
042 -6.91481973734E-05 -1.12206411553E-02
044 -2.40048362874E-03 -9.36912314186E-03
046 -6.96377851728E-03 -5.50586085382E-03
048 -1.31856858981E-02 -5.99573754236E-04
050 -1.96613046515E-02  3.61996833773E-03
052 -2.43607583646E-02  5.00520797647E-03
054 -2.50966264963E-02  1.55427866451E-03
056 -2.01487406493E-02 -7.94985437060E-03
058 -8.87021740438E-03 -2.34191199629E-02
060  7.92270222190E-03 -4.32423782610E-02
062  2.79300628696E-02 -6.44776541969E-02
064  4.77682310807E-02 -8.34423297850E-02
066  6.37130345660E-02 -9.65622202100E-02
068  7.25947244195E-02  8.98750000000E-01
070  7.25947244195E-02 -9.65622202100E-02
072  6.37130345660E-02 -8.34423297850E-02
074  4.77682310807E-02 -6.44776541969E-02
076  2.79300628696E-02 -4.32423782610E-02
078  7.92270222190E-03 -2.34191199629E-02
080 -8.87021740438E-03 -7.94985437060E-03
082 -2.01487406493E-02  1.55427866451E-03
084 -2.50966264963E-02  5.00520797647E-03
086 -2.43607583646E-02  3.61996833773E-03
088 -1.96613046515E-02 -5.99573754236E-04
090 -1.31856858981E-02 -5.50586085382E-03
092 -6.96377851728E-03 -9.36912314186E-03
094 -2.40048362874E-03 -1.12206411553E-02
096 -6.91481973734E-05 -1.09188717989E-02
098  2.24799583128E-04 -8.97358300315E-03
100 -8.17107500058E-04 -6.22922459690E-03
102 -2.32625324611E-03 -3.53145827758E-03
104 -3.56741398482E-03 -1.47997955761E-03
106 -4.11919141669E-03 -3.21185860332E-04
108 -3.90957433149E-03  2.21342234044E-05
110 -3.13354978550E-03 -1.70173919955E-04
112 -2.11079604852E-03 -5.64344781680E-04
114 -1.14591506934E-03 -8.93334019131E-04
116 -4.36014777705E-04 -1.01818409920E-03
118 -4.21524689135E-05 -9.27677054743E-04
120  8.52191678137E-05 -6.95571124436E-04
122  5.22739803394E-05 -4.23560498415E-04
124 -3.30415922889E-05 -1.94424562745E-04
126 -9.73526510835E-05 -4.85366642850E-05
128 -1.13007644860E-04  1.56686616620E-05
130 -8.85427006373E-05  2.55458662018E-05
132 -4.90209739921E-05  1.37734695097E-05
134 -1.71458448861E-05  2.95878441498E-06
136 -2.35963889318E-06 -4.05122531796E-08
138  2.73845850590E-21
